,NOMBRE,TIPO,ESTADO,CODIGO,geometry,xInterBeg,xInterEnd,yInterBeg,yInterEnd
0,,R,1,0,"LINESTRING (622917.9499999677 8351935.300000003, 622927.1399999685 8351907.310000001, 622929.9499999684 8351855.830000001, 622861.169999968 8351728.980000003, 622816.4199999684 8351566.250000002, 622826.0799999684 8351503.560000001, 622829.5299999687 8351400.93)",4,4,0,1
1,,R,2,1,"LINESTRING (622829.5299999687 8351400.93, 622887.4799999687 8351297.940000002, 622912.6799999685 8351209.91)",4,4,0,0
2,,R,1,2,"LINESTRING (622965.309999968 8353415.970000001, 622939.3199999679 8353392.330000003, 622888.6299999675 8353307.920000002, 622793.7799999695 8353186.440000001, 622753.8399999682 8353124.210000002, 622636.7999999688 8352998.220000002, 622567.2699999681 8352958.210000001, 622555.4799999684 8352927.870000001, 622533.8499999692 8352898.830000002, 622504.5299999679 8352882.930000001, 622468.3899999688 8352849.64, 622368.0499999699 8352698.550000001, 622350.3599999705 8352680.220000003, 622352.8599999683 8352602.780000003, 622375.0199999686 8352548.950000002, 622405.1899999687 8352507.060000001, 622489.989999969 8352479.53, 622505.9299999694 8352468.430000002, 622541.2699999688 8352392.280000003, 622610.419999968 8352270.540000001)",3,4,1,1
3,,R,2,3,"LINESTRING (622912.6799999685 8351209.91, 622898.31999997 8351192.150000002, 622862.4999999675 8351177.820000003, 622845.7899999679 8351156.320000003, 622824.2899999699 8351122.880000002, 622810.7899999685 8351107.920000002)",4,4,0,0
4,,R,2,4,"LINESTRING (622966.2967793577 8351106.147320811, 622945.2099999689 8351089.85, 622918.9399999684 8351056.410000002, 622871.6399999675 8351020.170000002)",4,4,0,0
5,,Q,1,5,"LINESTRING (629159.8499999604 8359687.200000004, 629169.7499999583 8359645.620000003, 629179.1799999595 8359547.410000002, 629172.1199999592 8359463.220000002, 629145.27999996 8359379.580000004, 629095.6899999583 8359294.240000002, 629013.7999999594 8359188.320000003, 628928.8899999597 8359094.200000003, 628826.8999999597 8359009.470000002, 628721.5599999588 8358946.340000004, 628603.0899999593 8358849.450000001, 628505.7799999595 8358790.100000001, 628320.4199999617 8358692.620000003, 628204.4399999606 8358657.910000002, 628145.3899999603 8358632.230000002, 627961.619999961 8358436.480000002)",6,7,3,4
6,,Q,1,6,"LINESTRING (627923.7499999618 8358954.060000001, 627954.6799999601 8358794.640000001, 627935.6799999614 8358710.990000003, 627932.3599999605 8358637.780000003, 627961.619999961 8358436.480000002)",6,6,3,3
7,,Q,1,7,"LINESTRING (626913.5399999623 8358706.840000002, 626968.9099999624 8358629.120000001, 627015.7899999637 8358517.540000003, 627055.8599999617 8358445.930000002, 627115.1599999615 8358373.120000002, 627238.3399999617 8358309.700000001, 627364.0399999623 8358197.370000001, 627412.2499999625 8358190.360000003, 627499.159999961 8358154.170000002, 627526.9799999626 8358128.600000001, 627561.559999963 8358061.490000002, 627584.1599999615 8357986.480000004, 627676.2899999627 8357766.050000003, 627682.6399999616 8357734.600000001, 627680.4399870459 8357691.649747815)",6,6,3,3
8,,Q,1,8,"LINESTRING (622301.5799999686 8360266.890000001, 622350.3999999682 8360220.470000003, 622393.77999997 8360153.720000002, 622506.5299999695 8359907.510000003, 622607.9099999684 8359785.06, 622647.0299999698 8359723.040000001, 622681.889999968 8359642.010000002, 622694.8099999675 8359560.180000002, 622714.0699999686 8359506.270000001, 622756.7599999678 8359450.410000002, 622829.1399999678 8359321.310000001, 622856.779999968 8359234.040000001, 622903.7399999677 8359175.700000002, 622953.4699999671 8359086.150000002, 622978.8099999684 8359061.470000001, 623077.6299999672 8358992.780000001, 623174.899999968 8358949.290000001, 623245.6499999693 8358893.400000001, 623291.2299999679 8358872.170000001, 623409.5699999677 8358755.120000001, 623487.7099999673 8358622.000000003, 623518.4999999674 8358541.300000003, 623551.3499999689 8358479.600000001, 623587.8899999685 8358356.460000003, 623592.8499999675 8358315.550000001, 623586.9999999669 8358192.780000002, 623666.0099999683 8357974.550000001, 623680.2899999672 8357850.630000001, 623694.9299999678 8357810.100000001, 623696.809999968 8357688.110000001, 623727.0599999663 8357547.980000003, 623757.1699999664 8357480.030000003)",3,4,3,4
9,,Q,1,9,"LINESTRING (622651.0999999695 8359005.210000001, 622723.7799999699 8358934.810000001, 622882.8099999684 8358851.350000001, 623005.8399999673 8358748.150000003, 623019.0799999679 8358702.57, 623044.1699999681 8358663.590000001, 623076.2099999683 8358637.490000002, 623102.6499999671 8358604.600000001, 623099.3799999674 8358516.730000002, 623122.0399999679 8358471.4, 623196.6899999693 8358365.120000002, 623208.5199999686 8358301.400000002, 623205.6999999683 8358237.960000003, 623220.1299999678 8358183.980000001, 623288.9699999674 8358041.73, 623325.8999999668 8357999.59, 623399.1699999677 8357948.510000001, 623430.3299999677 8357909.520000001, 623451.8199999675 8357867.01, 623500.6399999685 8357728.160000002, 623547.6399999682 8357637.400000002, 623591.7499999662 8357575.910000002, 623656.3199999675 8357511.920000001, 623757.1699999664 8357480.030000003)",4,4,3,3
10,,Q,1,10,"LINESTRING (622817.3399999678 8358093.040000002, 622841.7399999674 8358025.320000002, 622880.6699999683 8357956.890000002, 622887.9599999682 8357851.320000002, 622921.7599999693 8357802.480000001, 622939.8599999697 8357751.670000003, 622993.5099999686 8357685.980000002, 623026.2999999677 8357660.470000001, 623030.309999969 8357648.900000001, 623083.4499999672 8357620.050000001, 623137.7199999689 8357568.050000003, 623215.3899999679 8357445.460000001, 623269.7199999677 8357329.18, 623373.3999999679 8357161.920000003, 623404.569999967 8357096.230000001, 623567.8899999666 8357061.17, 623628.4599999666 8357001.310000001, 623728.1899999675 8356966.010000002, 623811.299999967 8356886.050000003, 623904.599999966 8356824.730000001, 623940.8899999664 8356793.600000002, 624038.9399999683 8356667.080000002)",4,4,2,3
11,,Q,1,11,"LINESTRING (623222.2699999679 8356609.710000001, 623311.0699999677 8356570.310000002, 623359.4799999676 8356521.080000001, 623418.5599999683 8356416.580000001, 623602.4499999675 8356183.060000001, 623643.8299999675 8356122.370000002, 623680.6199999672 8356083.460000001, 623774.959999967 8356024.680000002, 623957.659999966 8355946.190000001)",4,4,2,2
12,,Q,1,12,"LINESTRING (625711.5299999635 8359162.92, 625646.8299999653 8359131.970000001, 625583.4399999641 8359050.290000002, 625482.9399999654 8359002.490000004, 625347.4699999664 8358895.490000002, 625146.0499999659 8358791.370000001, 625093.4799999655 8358746.620000001, 625001.7099999649 8358708.030000001, 624897.769999967 8358599.540000001, 624829.2099999647 8358504.780000001, 624797.9499999651 8358449.670000003, 624778.1499999672 8358358.170000002, 624783.5599999652 8358289.970000002, 624827.9799999673 8358171.160000001, 624822.3699999659 8358114.460000003, 624775.2799999671 8358035.000000003, 624743.2199999648 8357963.830000001, 624656.7599999672 8357838.77, 624629.9399999655 8357759.820000003, 624619.0099999657 8357675.520000001, 624604.5399999662 8357632.020000001)",4,5,3,3
13,,Q,1,13,"LINESTRING (625779.7299999647 8357815.990000002, 625584.2799999644 8357807.430000002, 625470.8199999643 8357838.130000002, 625409.1799999638 8357839.120000001, 625318.4499999643 8357797.340000001, 625181.3699999652 8357711.510000002, 625038.4799999651 8357724.550000002, 624965.9799999646 8357717.27, 624887.129999965 8357696.41, 624644.5799999654 8357669.380000003, 624604.5399999662 8357632.020000001)",4,5,3,3
14,,Q,1,14,"LINESTRING (625532.5099999656 8357551.720000002, 625422.5399999662 8357550.200000003, 625265.6799999665 8357585.070000002, 625184.4099999666 8357575.860000001, 625143.9399999666 8357554.720000002, 625018.459999966 8357449.260000004, 624934.1099999644 8357358.61, 624883.7599999656 8357351.830000002, 624842.9999999668 8357336.630000003, 624709.389999966 8357243.25, 624681.3799999671 8357212.560000001, 624642.6499999661 8357134.920000004, 624576.5599999661 8357099.040000003, 624416.8599999662 8357041.560000002, 624359.6199999655 8357008.250000001, 624276.1499999656 8356995.740000002, 624221.4199999662 8356971.660000003)",4,5,3,3
15,,Q,1,15,"LINESTRING (625698.7499999639 8356720.540000003, 625683.3899999643 8356701.290000003, 625575.1299999657 8356610.420000002, 625477.0999999647 8356563.530000001, 625349.2199999657 8356525.170000003, 625292.959999964 8356516.550000003, 625175.3199999646 8356471.120000003, 625057.9799999653 8356449.240000004, 625003.9599999654 8356425.000000001, 624908.9899999666 8356351.370000004, 624845.999999965 8356283.080000002, 624787.0799999653 8356129.800000003, 624751.8499999659 8356077.680000002, 624670.4899999649 8356016.230000003, 624588.5499999676 8356006.280000001, 624517.9499999661 8355974.260000002, 624486.8599999653 8355946.040000003, 624407.689999966 8355834.190000001, 624321.7999999659 8355827.77, 624258.7499999668 8355800.550000002, 624196.229999966 8355806.940000002, 624118.999999966 8355801.940000003, 624094.3899999661 8355794.230000003, 624062.7299999669 8355777.090000003)",4,5,2,2
16,,Q,1,16,"LINESTRING (625268.2399999646 8360727.230000001, 625218.259999966 8360694.320000001, 625154.369999965 8360627.040000001, 625147.5299999649 8360589.680000002, 625126.3499999647 8360542.610000003, 625051.4499999646 8360440.620000002, 624879.4099999667 8360353.090000002, 624752.7199999654 8360319.870000001, 624699.7599999656 8360265.670000002, 624629.2799999666 8360200.140000001, 624554.4299999654 8360152.390000001)",4,5,4,4
17,TARMA,Q,1,17,"LINESTRING (631227.8299999551 8372507.180000002, 631110.8099999547 8372538.900000002, 631047.979999955 8372524.140000002, 631017.7399999565 8372501.500000004, 630983.9599999556 8372503.780000003, 630898.9199999557 8372545.560000001, 630805.1499999565 8372557.640000002, 630709.6799999573 8372587.060000001, 630633.9099999559 8372620.440000003, 630542.2099999576 8372714.050000004, 630452.0799999574 8372753.720000003, 630430.9499999564 8372785.800000004, 630417.3899999579 8372862.660000002, 630407.7599999559 8372883.450000004, 630334.5399999572 8372955.230000003, 630304.3099999577 8373003.780000004, 630223.8599999581 8373078.170000003, 630158.9599999583 8373091.850000001, 630072.4899999565 8373088.430000002, 630038.139999956 8373073.090000004, 629990.2099999581 8373021.480000002, 629951.0699999586 8372961.140000002, 629910.2699999564 8372854.720000003, 629843.6599999587 8372746.530000004, 629736.1199999568 8372603.560000002, 629668.6899999588 8372563.100000002, 629571.1899999586 8372425.750000004, 629560.8199999577 8372396.170000002, 629561.2399999573 8372360.550000003, 629568.6399999571 8372339.530000004, 629565.229999959 8372322.880000001, 629540.4099999586 8372294.900000002, 629526.5399999584 8372239.140000002, 629510.3399999589 8372226.080000004, 629476.4899999587 8372174.340000004, 629471.119999957 8372113.670000004, 629456.6799999597 8372099.860000002, 629390.7299999581 8371987.190000003, 629395.379999958 8371917.230000003, 629409.1499999594 8371902.380000003, 629437.5199999573 8371891.060000002, 629476.2199999577 8371864.040000001, 629485.8599999577 8371840.380000004, 629503.6799999576 8371818.810000001, 629505.4599999576 8371759.670000003, 629476.6899999585 8371727.540000003, 629399.7499999581 8371678.450000002, 629392.929999958 8371666.360000001, 629390.3199999583 8371597.780000004, 629397.8399999572 8371545.140000001, 629362.8299999593 8371476.670000002, 629372.5699999582 8371388.680000002, 629360.5399999577 8371344.820000003, 629380.7599999586 8371307.450000002, 629382.2099999596 8371228.470000003, 629415.2099999584 8371146.500000002, 629406.1099999574 8371110.430000002, 629348.8199999598 8371075.730000004, 629346.2999999588 8371029.660000003, 629331.9899999578 8370994.910000003, 629322.5499999578 8370936.890000003, 629397.0899999591 8370819.470000002, 629392.229999959 8370717.550000004, 629409.1999999584 8370579.870000003, 629464.0099999576 8370527.700000003, 629547.089999957 8370474.130000001, 629585.009999958 8370430.090000002, 629589.869999957 8370315.370000003, 629614.7399999574 8370251.810000003)",7,8,8,9
18,,Q,1,18,"LINESTRING (624946.7099999655 8368406.020000002, 624937.5799999654 8368346.420000002, 624907.8299999663 8368311.050000003, 624900.4399999641 8368270.960000004, 624883.1899999653 8368234.820000002, 624832.0399999651 8368170.170000002, 624765.5699999643 8368118.110000001, 624730.0299999658 8368073.430000002, 624708.8299999645 8367979.360000001, 624677.6799999666 8367888.890000001, 624673.2299999648 8367808.330000001, 624684.4399999655 8367747.170000002)",4,5,7,7
19,,Q,1,19,"LINESTRING (625840.9899999645 8367606.09, 625802.6299999639 8367658.130000002, 625770.3999999631 8367678.130000001, 625739.1399999645 8367668.690000003, 625695.0399999653 8367623.860000003, 625664.4899999637 8367608.390000001, 625523.139999964 8367602.920000003, 625452.3899999657 8367616.140000001, 625332.1699999658 8367674.300000003, 625271.0999999658 8367681.880000001, 625232.9199999656 8367697.670000002, 625125.8699999645 8367680.850000001, 624893.9799999659 8367695.720000002, 624810.8299999646 8367746.830000001, 624773.799999965 8367761.680000002, 624684.4399999655 8367747.170000002)",4,5,7,7
20,,Q,1,20,"LINESTRING (634635.1362845302 8370421.971021688, 634534.1699999492 8370271.590000002, 634526.7199999489 8370210.180000002, 634494.0099999487 8370188.160000003, 634394.4099999499 8370164.670000004, 634350.4999999488 8370178.800000004, 634263.409999949 8370268.710000003, 634206.8299999508 8370307.130000005, 634167.7399999489 8370317.600000002, 633986.8399999517 8370402.520000003, 633942.3099999505 8370414.340000002, 633860.4799999511 8370413.520000002, 633724.8199999495 8370433.910000003, 633680.0399999501 8370470.160000004, 633658.1699999506 8370474.690000002, 633597.9099999506 8370445.100000002, 633528.8499999505 8370393.030000003, 633476.2899999527 8370384.500000004, 633421.5799999509 8370357.510000004, 633315.6499999516 8370331.850000002, 633295.8399999526 8370311.330000002, 633254.2399999512 8370238.230000003, 633256.7599999518 8370166.420000002, 633157.8899999519 8370037.580000003, 633147.0499999519 8369976.610000002, 633120.4899999514 8369963.450000004, 633067.1999999518 8369950.680000002, 633012.8399999514 8369951.780000002, 632991.7799999512 8369935.530000002, 632956.9699999513 8369890.770000002, 632912.3599999526 8369862.120000004, 632867.2399999516 8369817.580000002, 632782.6799999522 8369826.440000004, 632732.0599999538 8369801.100000003, 632700.0399999521 8369794.040000004, 632686.3099999526 8369798.980000002, 632657.4899999528 8369825.640000003, 632627.7399999518 8369826.450000002, 632575.9199999531 8369815.860000004, 632494.7699999537 8369859.980000002, 632476.3999999543 8369863.820000003, 632442.4799999527 8369858.040000003, 632414.6899999528 8369840.700000003, 632332.5199999532 8369834.640000002, 632274.3799999538 8369811.600000002, 632213.3299999525 8369818.720000003, 632120.5499999539 8369806.610000004)",8,9,7,8
21,,Q,1,21,"LINESTRING (630636.7599999567 8370553.740000002, 630586.1399999561 8370551.910000004, 630502.5199999558 8370567.080000004, 630420.5599999556 8370566.780000003, 630392.2799999565 8370530.960000003, 630380.5999999574 8370465.940000004, 630364.929999958 8370429.930000002, 630295.2699999568 8370378.520000001, 630276.8399999562 8370412.730000002, 630256.7099999576 8370429.260000004, 630232.1799999564 8370427.070000003, 630222.6599999581 8370418.950000002, 630195.5299999568 8370393.850000001, 630152.529999957 8370380.310000002, 630134.6099999583 8370363.530000004, 630107.5299999577 8370297.120000003, 630069.4999999588 8370249.060000003, 630054.2299999584 8370211.130000003)",7,7,8,8
22,,Q,1,22,"LINESTRING (631553.2399999548 8368634.150000003, 631530.0099999544 8368751.860000003, 631552.1799999542 8368956.310000003, 631508.329999955 8369126.810000001, 631504.6499999545 8369208.650000005, 631532.9299999541 8369304.130000003, 631546.0999999555 8369378.530000003, 631593.4499999555 8369454.520000001, 631596.4899999556 8369518.930000003, 631620.2799999544 8369601.900000002)",8,8,7,7
23,,Q,2,23,"LINESTRING (631620.2799999544 8369601.900000002, 631609.1299999537 8369617.500000003, 631587.409999955 8369683.350000001)",8,8,7,7
24,,Q,1,24,"LINESTRING (617092.8699999759 8354734.240000002, 617255.8699999767 8354567.26, 617301.3999999744 8354537.14, 617344.8299999746 8354497.880000001, 617397.3399999746 8354469.740000002, 617445.5199999746 8354458.2, 617496.7099999755 8354437.2, 617534.4099999747 8354403.670000002, 617725.6199999736 8354288.980000002, 617821.8199999746 8354253.580000003, 617864.3399999733 8354253.260000002, 617905.0099999738 8354261.130000003, 618006.8199999738 8354296.750000002, 618133.5399999731 8354315.350000001, 618161.7799999737 8354314.08, 618213.1499999748 8354260.390000002, 618272.1199999755 8354141.310000001, 618309.0999999734 8354101.570000002, 618374.5099999751 8354080.270000001, 618410.1699999735 8354017.530000002)",1,2,1,2
25,,Q,1,25,"LINESTRING (617074.8599999745 8353309.1, 617213.6399999746 8353374.520000001, 617269.6899999765 8353442.090000002, 617288.7099999746 8353449.41, 617410.3599999764 8353544.150000001, 617464.4099999757 8353569.870000003, 617565.2899999748 8353597.58, 617780.2499999759 8353685.940000001, 617826.8199999748 8353715.140000001, 617860.959999976 8353727.330000002, 617984.4299999739 8353821.360000001, 618108.1899999746 8353896.730000001, 618183.2099999746 8353934.290000002, 618258.2199999735 8353956.030000003, 618342.7099999732 8353963.810000001, 618410.1699999735 8354017.530000002)",1,2,1,1
26,,Q,1,26,"LINESTRING (619164.4199999723 8354495.540000003, 619231.5699999734 8354413.410000003, 619494.1099999715 8354198.000000002, 619513.9499999739 8354169.630000001, 619523.2099999726 8354128.32)",2,2,1,2
27,,Q,1,27,"LINESTRING (618674.2399999747 8351443.630000001, 618730.7699999731 8351553.430000001, 618770.1499999729 8351589.570000001, 618889.1999999742 8351676.370000001, 618944.6699999738 8351735.930000002, 619013.299999974 8351846.640000001, 619046.589999973 8351942.590000002, 619124.859999974 8352055.870000002, 619219.1799999746 8352144.690000001, 619313.0599999719 8352186.750000002, 619437.2799999726 8352196.070000001, 619514.1899999718 8352226.63, 619564.9299999739 8352254.240000002, 619611.6499999742 8352268.820000003, 619763.7099999717 8352281.140000001, 619825.0899999737 8352297.540000002, 619886.1099999722 8352327.530000001, 619957.7299999729 8352394.680000002, 619980.8699999721 8352434.250000002)",2,2,0,1
28,,Q,1,28,"LINESTRING (618729.6499999743 8352419.730000003, 618830.5699999732 8352447.050000002, 618905.1099999747 8352491.470000002, 618997.9099999724 8352516.060000001, 619172.769999973 8352501.47, 619385.9099999727 8352525.350000002, 619467.3299999718 8352521.410000001, 619524.6999999717 8352511.730000002, 619567.2199999726 8352485.800000001, 619616.5599999726 8352471.700000001, 619676.0399999736 8352444.120000001, 619761.119999973 8352421.9, 619811.4399999715 8352420.450000002, 619835.0399999733 8352435.350000001, 619879.4499999719 8352445.200000003, 619980.8699999721 8352434.250000002)",2,2,1,1
29,,Q,1,29,"LINESTRING (621871.0799999696 8356635.289999999, 621851.3099999698 8356545.060000002, 621818.4599999699 8356444.010000002, 621794.6699999693 8356328.270000002, 621730.4999999701 8356183.670000002, 621675.259999969 8355983.65, 621675.7199999689 8355954.160000003, 621686.9799999688 8355923.18, 621704.1399999694 8355812.630000002, 621699.3399999702 8355721.860000001, 621683.6499999698 8355671.820000002, 621675.7199999705 8355465.530000001, 621768.0799999703 8355137.590000002, 621766.6299999689 8355112.170000001, 621739.1299999703 8355040.84, 621737.9099999713 8354984.230000003, 621791.4199999687 8354926.220000001, 621815.7099999711 8354875.910000001, 621844.1199999691 8354843.580000003, 621920.0299999701 8354811.080000001, 621935.8599999689 8354798.900000002, 621981.299999969 8354721.300000003, 622017.6099999694 8354635.010000003, 622072.8799999687 8354577.25, 622132.5699999685 8354541.320000001)",3,3,2,2
30,,Q,1,30,"LINESTRING (622433.7199999685 8355501.480000002, 622442.079999969 8355438.650000002, 622442.0799999696 8355213.100000001, 622417.6299999692 8355035.170000002, 622367.6999999679 8354898.770000002, 622310.4499999681 8354783.640000001, 622170.7699999694 8354602.710000001, 622132.5699999685 8354541.320000001)",3,3,2,2
31,,Q,1,31,"LINESTRING (622241.9099999687 8361059.710000001, 622164.3599999691 8361117.090000002, 622120.5999999687 8361161.560000001, 622084.3799999687 8361211.030000002, 622045.9699999705 8361285.690000003, 622074.4499999691 8361374.520000002, 622079.8099999703 8361447.860000003, 622109.0499999688 8361507.250000002, 622120.9399999703 8361560.320000001, 622191.969999969 8361657.910000002, 622211.3199999683 8361717.740000002, 622220.3399999696 8361785.180000001, 622212.5299999687 8361881.27, 622246.0699999696 8361934.670000003, 622262.5299999689 8361984.160000001, 622265.8999999684 8362084.010000002, 622255.5599999706 8362133.630000003, 622194.3699999704 8362217.680000002, 622176.699999969 8362272.450000001, 622148.7299999682 8362286.650000002, 622074.3799999687 8362367.690000001, 622011.4799999701 8362527.020000002, 621930.1699999698 8362666.470000001, 621891.7899999694 8362708.680000001, 621775.8399999698 8362821.720000001, 621729.2599999695 8362878.550000002, 621686.6599999695 8362884.230000003, 621601.8699999693 8362881.030000003, 621563.1799999704 8362898.530000003, 621513.0599999714 8362945.77, 621417.5399999695 8362971.100000001, 621308.4199999715 8362983.480000002, 621284.2599999716 8363028.040000001, 621234.3999999707 8363048.52, 621198.0899999705 8363081.930000003, 621115.5199999693 8363146.820000001, 621076.979999971 8363188.750000001, 621039.0799999703 8363211.040000001)",3,3,4,5
32,,Q,1,32,"LINESTRING (620724.4799999702 8360232.790000001, 620767.6499999719 8360351.430000002, 620772.5799999709 8360470.380000003, 620788.5199999708 8360509.96, 620791.2499999708 8360535.43, 620726.5999999704 8360910.520000002, 620712.1899999713 8360946.550000002, 620648.7699999721 8361013.450000001, 620607.9599999719 8361033.420000002, 620575.2799999723 8361041.230000002, 620453.2899999704 8361044.27, 620431.2799999705 8361039.640000002, 620392.7099999714 8361014.230000001, 620280.3299999726 8361004.590000001, 620225.7599999729 8361006.420000002, 620158.269999971 8361023.470000003, 620096.8999999713 8361061.070000002, 620029.9499999718 8361138.49, 619985.819999971 8361172.770000002, 619927.2799999721 8361251.690000002, 619907.6699999735 8361288.400000001, 619910.2499999717 8361410.080000002, 619902.1199999717 8361478.280000001, 619897.5599999717 8361731.75, 619851.5899999712 8361845.940000001, 619793.7999999723 8361939.180000001, 619783.109999972 8361993.310000001)",2,3,4,4
33,,Q,1,33,"LINESTRING (619710.0099999732 8360113.440000003, 619653.0099999738 8360198.79, 619608.6599999722 8360232.650000002, 619563.2599999717 8360284.170000001, 619557.1899999733 8360300.750000001, 619486.769999972 8360373.920000002, 619417.4199999727 8360394.26, 619298.2499999725 8360446.880000001, 619161.8699999722 8360475.620000001, 618965.1399999728 8360580.980000003, 618911.9799999723 8360603.580000001, 618871.7299999736 8360610.320000001, 618823.7199999733 8360607.370000002)",2,2,4,4
34,,Q,1,34,"LINESTRING (621721.8899999696 8365582.160000002, 621754.8899999701 8365555.550000001, 621759.1499999692 8365460.130000001, 621726.6699999692 8365389.460000002, 621701.049999969 8365228.220000001, 621663.0899999685 8365100.310000001, 621637.3399999692 8365050.170000002, 621638.4699999708 8364934.730000003, 621596.5899999695 8364844.260000002, 621584.1099999703 8364786.770000001, 621549.1599999713 8364717.42, 621513.8599999688 8364670.770000001, 621504.9599999699 8364629.680000002, 621511.9299999699 8364573.310000002)",3,3,5,6
35,,Q,1,35,"LINESTRING (619079.1699999719 8364252.280000002, 619164.7199999717 8364227.770000002, 619224.1699999731 8364140.360000003, 619258.8999999722 8364100.250000001, 619286.5999999726 8364086.750000003, 619359.7699999727 8364010.73, 619373.0399999724 8363981.1, 619363.7399999717 8363885.780000002, 619340.889999973 8363804.430000001, 619332.9099999729 8363726.910000002, 619300.9299999722 8363644.560000001, 619229.4999999733 8363378.250000002, 619229.0299999727 8363289.000000002, 619253.339999973 8363122.4, 619250.1499999729 8363048.300000002, 619227.0399999726 8363008.69, 619104.1699999728 8362899.110000002, 619074.8099999727 8362864.570000002, 619042.1299999723 8362767.280000001, 619046.389999973 8362734.530000001, 619107.9099999742 8362656.240000001, 619102.2599999727 8362569.59, 619110.429999974 8362533.090000002, 619123.6199999726 8362521.49, 619131.4099999728 8362494.910000002, 619150.5799999723 8362476.210000003, 619165.1399999735 8362445.06, 619164.0699999715 8362409.350000001, 619123.3699999744 8362359.830000002, 619101.2399999724 8362320.81)",2,2,5,5
36,,Q,1,36,"LINESTRING (620366.4299999714 8361566.940000002, 620281.8099999712 8361598.650000002, 620187.519999971 8361665.590000002, 620137.5499999711 8361726.340000002, 620068.8599999726 8361793.100000001, 620017.7899999717 8361868.420000001, 619967.3699999724 8361909.120000002, 619874.5699999714 8361967.77, 619783.109999972 8361993.310000001)",2,2,4,4
37,YARITA CUCHO,Q,1,37,"LINESTRING (626265.6499999636 8361072.500000002, 626205.2199999646 8361064.160000003, 626072.5299999634 8361072.180000002, 626005.8899999644 8361043.510000003, 625964.7199999641 8361038.580000002, 625826.6199999654 8361071.060000001, 625678.2799999642 8361080.650000002, 625570.8699999645 8361064.670000002, 625500.7199999659 8361063.240000002, 625356.0399999648 8361034.320000004, 625266.8199999646 8361039.810000003, 625186.999999966 8361066.88, 625025.3799999658 8361234.160000001, 624934.3399999652 8361294.840000002, 624855.1799999656 8361407.68, 624728.8999999664 8361618.950000002, 624719.7999999651 8361694.810000001, 624687.7999999654 8361753.930000002, 624575.9699999668 8361885.75, 624456.7499999655 8362073.500000002, 624422.4399999666 8362182.440000001, 624416.3499999676 8362298.370000001, 624390.1699999657 8362357.610000001, 624290.6599999659 8362486.980000002, 624260.8699999658 8362557.950000003, 624217.1599999662 8362593.970000002, 624138.1899999657 8362641.110000003, 624098.5199999658 8362678.070000003, 624072.619999966 8362854.190000003, 624042.3399999659 8362912.770000002, 623989.8699999681 8362973.660000003, 623975.4299999678 8362998.840000002, 623929.329999966 8363147.450000002, 623924.1199999673 8363237.310000001, 623913.5699999663 8363276.240000002)",4,5,4,5
38,HUARCAINE,Q,1,38,"LINESTRING (626870.9199999616 8362602.710000002, 626819.7699999628 8362643.820000001, 626746.0699999627 8362661.800000002, 626711.8699999625 8362678.800000001, 626674.7299999618 8362717.600000001, 626595.9199999628 8362839.370000002, 626531.2899999622 8362901.430000002, 626474.5099999625 8362928.780000001, 626408.0199999647 8362933.520000003, 626328.5899999648 8362950.410000002, 626156.4099999641 8363077.050000003, 626094.4399999636 8363134.800000003, 626049.2499999644 8363153.890000001, 625951.079999965 8363181.420000002, 625864.1299999653 8363235.730000002, 625823.209999964 8363252.420000003, 625696.7899999658 8363255.580000002, 625608.3799999638 8363280.920000002, 625506.0799999655 8363297.120000003, 625462.8899999636 8363293.220000003, 625383.319999966 8363265.510000002, 625311.7099999636 8363272.630000002, 625229.879999964 8363290.380000003, 625158.2699999663 8363320.980000002, 625045.7599999657 8363346.690000001, 624920.1399999651 8363320.920000002, 624882.0399999663 8363295.030000001, 624858.0399999669 8363289.180000002, 624724.1099999647 8363291.720000003, 624648.4499999649 8363319.780000004, 624607.5499999654 8363325.900000003, 624525.719999965 8363319.340000001, 624262.199999967 8363255.590000002, 624217.8999999663 8363263.080000004, 624145.2699999664 8363264.110000002, 624087.789999966 8363280.070000002, 623913.5699999663 8363276.240000002)",4,5,5,5
39,,Q,1,39,"LINESTRING (623993.7699999666 8361127.900000002, 624004.6999999662 8360959.360000002, 624027.4999999658 8360896.310000001, 624054.3399999655 8360852.320000001, 624096.4499999679 8360806.450000001, 624226.5799999657 8360705.080000001, 624319.0499999665 8360653.190000001, 624353.2299999665 8360626.36, 624477.6499999652 8360444.540000001, 624528.3899999653 8360303.550000003, 624547.4399999648 8360164.390000001, 624554.4299999654 8360152.390000001)",4,4,4,4
40,,QI,1,40,"LINESTRING (617433.8699999757 8361140.69, 617446.6499999738 8361136.420000001, 617489.2799999759 8361132.160000002, 617531.9099999741 8361132.160000002, 617566.0099999751 8361132.160000001, 617578.7899999748 8361132.170000003, 617652.8199999752 8361136.940000002, 617743.5599999737 8361160.820000001, 617810.4199999755 8361170.380000003, 617882.0599999733 8361167.990000002, 617953.6999999735 8361139.33, 618044.439999975 8361105.9, 618047.6599999731 8361098.060000001, 618056.1899999739 8361093.800000002, 618064.7099999733 8361089.540000001, 618086.0199999736 8361081.02, 618120.1199999742 8361076.750000002, 618154.2199999747 8361081.02, 618167.009999973 8361081.020000001, 618241.0399999728 8361076.250000002, 618303.119999973 8361076.25, 618396.2499999743 8361049.980000002, 618506.0999999733 8361078.640000001, 618563.4099999726 8361088.190000003, 618697.1299999728 8361116.85, 618756.8299999735 8361135.960000001, 618847.5699999728 8361112.080000002, 618920.7799999746 8361098.400000002)",1,2,4,4
41,,QI,1,41,"LINESTRING (615021.3299999769 8359137.35, 615042.6399999782 8359128.820000002, 615104.7299999768 8359107.330000001, 615166.8099999762 8359114.500000001, 615174.7699999774 8359111.769999999, 615277.4499999761 8359128.480000001, 615327.5999999783 8359130.870000001, 615382.519999978 8359126.09, 615434.7799999777 8359116.030000002, 615460.359999976 8359111.770000001, 615485.9299999763 8359111.77, 615511.5099999757 8359111.77, 615537.0799999776 8359111.770000002, 615558.3899999781 8359111.77, 615682.5599999763 8359095.050000001, 615737.4899999772 8359085.490000003, 615775.6899999756 8359087.88, 615866.4299999761 8359130.870000001, 615912.1799999765 8359167.180000002, 615946.2799999759 8359184.230000002, 615980.3799999754 8359197.020000001, 616014.4799999761 8359205.540000001, 616048.5799999774 8359205.540000001, 616082.6799999775 8359205.540000001, 616116.7799999763 8359209.8, 616200.359999976 8359248.020000002, 616231.399999975 8359283.84, 616269.6099999752 8359300.56, 616283.9399999749 8359305.34, 616324.5299999758 8359310.110000003, 616357.9599999748 8359310.110000001, 616386.6199999755 8359312.500000002, 616422.6699999748 8359325.990000002)",0,1,3,3
42,,QI,1,42,"LINESTRING (616743.3499999756 8356191.989999999, 616743.3499999767 8356196.260000002, 616819.7599999753 8356322.850000001, 616828.5999999748 8356332.660000001, 616832.8599999766 8356341.180000002, 616837.1299999747 8356353.97, 616849.9099999767 8356362.49, 616866.959999976 8356392.330000002, 616875.4899999755 8356426.430000001, 616888.2799999762 8356464.790000002, 616959.9199999743 8356593.750000002, 617010.0599999744 8356660.630000001, 617043.4999999745 8356748.990000002, 617055.4399999767 8356811.09, 617057.8299999741 8356906.630000003, 617105.5899999752 8356959.170000002, 617103.199999975 8357018.880000001, 617005.2899999757 8357155.01, 616928.8799999757 8357288.760000002, 616924.0999999758 8357367.57, 616923.1899703667 8357422.391784133)",1,1,2,3
43,,QI,1,43,"LINESTRING (624944.2899999658 8353753.880000003, 624935.7599999657 8353745.350000002, 624897.4099999655 8353719.780000004, 624888.8799999661 8353711.250000003, 624863.3099999662 8353706.990000002, 624829.2099999655 8353706.990000003, 624803.6299999666 8353706.990000002, 624795.1099999652 8353715.510000002, 624761.0099999675 8353715.510000002, 624726.9099999669 8353724.040000003, 624705.5999999658 8353728.300000003, 624519.3399999652 8353678.150000004, 624342.6299999664 8353623.220000002, 624259.0499999662 8353608.900000001, 624232.4699999674 8353613.210000001, 624228.1999999663 8353617.480000004, 624215.4199999672 8353626.000000001, 624198.369999966 8353634.530000001, 624181.3199999674 8353638.790000003, 624164.2699999661 8353638.790000001, 624147.2199999678 8353638.790000001, 624134.4299999668 8353630.260000001, 624121.6499999679 8353626.000000003, 624104.5999999682 8353617.480000003, 624100.3299999668 8353613.220000002, 624035.8599999667 8353627.550000001, 623926.0099999669 8353763.690000003, 623875.8599999667 8353837.73, 623840.3199999661 8353868.96, 623827.5299999666 8353886.010000003, 623797.6999999676 8353886.010000003, 623763.5999999663 8353886.010000003, 623729.4999999675 8353886.010000002, 623695.399999967 8353877.490000001, 623661.2999999675 8353877.490000002, 623627.1999999672 8353873.230000002, 623593.0999999666 8353868.960000003, 623580.309999968 8353868.970000002, 623472.8499999673 8353842.690000001, 623353.4599999668 8353816.420000001, 623196.3099999689 8353839.040000001)",4,5,1,1
44,,QI,1,44,"LINESTRING (623827.5299999687 8353003.690000001, 623810.479999968 8352982.380000002, 623772.1199999689 8352935.490000002, 623720.9699999689 8352888.600000001, 623691.1399999678 8352854.500000002, 623665.5599999666 8352811.880000001, 623652.7799999685 8352790.560000001, 623614.4099999672 8352790.560000002, 623610.1499999668 8352799.09, 623567.529999967 8352807.610000002, 623541.9499999668 8352807.610000001, 623524.8999999677 8352799.090000001, 623482.2799999675 8352777.77, 623478.0099999671 8352777.780000003, 623401.599999968 8352660.760000001, 623291.7499999669 8352546.120000003, 623234.4399999694 8352464.920000003)",4,4,1,1
45,,QI,1,45,"LINESTRING (623912.7799999677 8352756.460000003, 623878.6999999675 8352739.350000002, 623840.8299999678 8352709.900000002, 623823.4499999665 8352674.650000001, 623822.8199999671 8352616.110000002, 623810.9099999667 8352607.060000001, 623809.9499999676 8352594.780000001, 623789.5299999677 8352585.690000001, 623784.6399999672 8352573.450000003, 623755.3199999676 8352547.320000002, 623734.2999999664 8352491.230000002)",4,4,1,1
46,,QI,1,46,"LINESTRING (624108.8499999661 8352423.990000003, 624037.1599999669 8352454.770000002, 623863.9199999674 8352455.230000001, 623734.2999999664 8352491.230000002)",4,4,1,1
47,,QI,1,47,"LINESTRING (626227.2899999643 8352892.860000001, 626320.8999999651 8352599.530000003, 626346.119999965 8352556.77, 626355.3499999637 8352513.57, 626389.129999965 8352450.250000003, 626468.0999999625 8352370.810000001, 626520.8599999644 8352329.390000001, 626668.7399999636 8352087.910000002, 626702.1899999635 8351924.180000002, 626744.8899999638 8351816.640000002, 626749.6499999631 8351763.690000001, 626735.6099999642 8351640.790000004, 626713.3599999634 8351550.200000004, 626713.4199999629 8351506.810000001, 626751.3199999621 8351376.170000003, 626763.689999963 8351294.270000003, 626806.2599999636 8351205.820000004, 626807.6899999622 8351140.360000001, 626785.3399999625 8351127.230000002, 626743.1899999634 8351050.120000003, 626721.8499999627 8350903.050000003, 626692.079999964 8350851.860000003, 626671.0099999633 8350834.730000003, 626615.8099999636 8350825.730000002, 626589.0899999643 8350834.600000002, 626558.9099999638 8350854.650000003, 626421.169999965 8350779.150000002, 626329.8799999647 8350759.210000003, 626228.0999999649 8350676.840000002, 626205.3299999639 8350582.130000003, 626185.1199999657 8350562.030000002, 626171.2199999643 8350560.780000001, 626141.9499999654 8350544.540000001, 626108.8099999635 8350544.060000002, 626066.0999999649 8350527.330000004, 625988.4499999641 8350472.020000001, 625883.6199999644 8350454.870000002, 625834.4899999653 8350426.080000003, 625802.989999964 8350367.370000003, 625737.7899999652 8350299.930000002, 625696.5699999663 8350272.150000003)",5,5,0,1
48,,Q,1,48,"LINESTRING (620873.6599999719 8366157.59, 620856.6499999719 8366004.990000002, 620864.7699999709 8365909.510000002, 620861.0599999699 8365834.500000002, 620867.5699999715 8365745.840000002, 620953.3899999707 8365534.420000001, 620962.6199999707 8365466.220000001, 621020.2399999704 8365221.320000001, 621085.8599999704 8365100.370000004, 621136.3899999707 8365037.320000002, 621181.2699999692 8364928.68, 621322.0199999702 8364756.430000001, 621347.3299999691 8364706.810000001, 621391.6099999693 8364645.740000004, 621407.0699999714 8364597.4, 621431.9699999696 8364584.650000001, 621511.9299999699 8364573.310000002)",3,3,5,6
49,,QI,1,49,"LINESTRING (617646.9899999751 8356486.110000003, 617659.7799999742 8356481.840000001, 617702.4099999747 8356477.580000002, 617745.0299999746 8356477.580000002, 617779.1299999745 8356464.790000002, 617813.2299999757 8356464.790000003, 617838.7999999756 8356464.790000001, 617847.3299999736 8356473.320000001, 617855.8499999754 8356477.580000002, 617868.6399999753 8356486.110000001, 617881.4299999746 8356494.630000003, 617915.5299999733 8356520.200000001, 617919.7899999743 8356520.200000002, 617932.5799999731 8356524.470000001, 617941.0999999734 8356528.730000001, 617949.6299999736 8356532.990000002, 617983.7299999741 8356537.250000002, 618017.8299999743 8356537.250000002, 618047.6599999757 8356537.26, 618171.8299999754 8356549.210000003, 618253.019999975 8356537.260000002, 618319.8799999735 8356534.880000001, 618393.909999975 8356558.760000002, 618446.4499999733 8356577.870000001, 618534.7999999729 8356582.650000001, 618682.8599999726 8356632.809999999, 618764.0499999729 8356647.140000001, 618828.6999999726 8356689.900000002, 618851.3399999726 8356726.990000002, 618873.7499999744 8356786.140000002)",1,2,2,2
50,RAYUSCCA CCASA,Q,1,50,"LINESTRING (621679.2599999711 8359849.170000002, 621606.9899999695 8359772.690000002, 621392.9599999702 8359572.1, 621210.76999997 8359427.190000002, 621133.0599999721 8359339.88, 621102.8399999696 8359330.980000002, 621004.929999972 8359282.130000001, 620854.3499999723 8359242.340000002, 620689.5199999701 8359218.930000001, 620516.3199999701 8359157.230000001, 620464.4599999711 8359126.010000003, 620403.7599999728 8359070.160000002, 620374.8199999725 8359016.27, 620336.8099999729 8358907.640000002, 620288.1799999705 8358848.120000003, 620271.3099999727 8358811.670000002, 620261.8099999711 8358768.830000002, 620276.1999999708 8358741.64, 620272.239999973 8358673.180000002, 620252.1899999706 8358627.560000001, 620223.0999999723 8358590.120000003, 620127.7699999713 8358495.24, 620071.3599999718 8358385.810000001, 620046.7399999718 8358375.070000002, 619988.4899999712 8358363.700000002, 619956.8799999713 8358343.830000001, 619890.5899999711 8358272.53, 619841.3499999727 8358204.530000003, 619795.9699999725 8358164.080000002, 619736.5499999725 8358084.620000003, 619714.9799999727 8358044.730000002, 619613.2799999726 8357955.710000002, 619505.4099999734 8357910.73, 619441.4699999731 8357870.410000001, 619377.539999972 8357841.310000002, 619263.8999999738 8357751.950000002, 619258.6299999728 8357731.190000002, 619273.8799999738 8357685.390000002, 619272.2199999721 8357638.730000001, 619247.5299999733 8357549.580000001, 619231.3299999727 8357516.98, 619182.0699999721 8357455.620000003, 619138.1299999721 8357321.540000001, 619017.1499999721 8357084.760000001, 618991.079999972 8357014.640000002, 618978.7099999742 8356852.940000003, 618978.0499999728 8356819.100000002, 618981.5599999729 8356790.450000001)",2,3,2,4
51,,Q,2,51,"LINESTRING (632120.5499999539 8369806.610000004, 632095.8199999531 8369754.600000003, 632045.4499999549 8369709.450000003, 632021.9699999529 8369657.670000002, 631999.4699999536 8369577.710000002, 631982.9999999546 8369556.880000003, 631915.1799999545 8369555.970000003, 631867.5399999542 8369570.470000003, 631793.5199999535 8369555.750000004, 631745.2299999536 8369555.110000003, 631695.0199999535 8369596.850000003, 631620.2799999544 8369601.900000002)",8,8,7,7
52,,R,1,52,"LINESTRING (627366.4099999607 8369614.600000003, 627347.3299999605 8369531.330000003, 627290.2699999613 8369450.420000002, 627223.9899999606 8369395.090000002, 627208.3899999622 8369361.930000002, 627203.4099999618 8369287.310000002, 627207.1499999608 8369251.600000001, 627228.0799999622 8369233.500000001, 627274.1499999614 8369217.290000003, 627308.8499999616 8369174.520000003, 627302.919999962 8369090.340000003, 627318.4399999625 8368935.600000001, 627312.7799999608 8368867.080000003, 627233.9399999607 8368744.430000002, 627234.2199999609 8368634.140000002, 627276.3299999614 8368502.080000002, 627284.0099999616 8368450.77, 627268.7299999618 8368406.720000002, 627226.4999999614 8368334.570000002, 627218.7599999608 8368299.810000001, 627224.0099999608 8368122.610000002, 627190.9699999617 8367979.910000003, 627202.2499999631 8367955.180000002, 627233.0499999614 8367925.100000001, 627264.4299999624 8367912.620000003, 627310.8999999617 8367920.790000001, 627326.4899999606 8367940.080000002, 627370.0599999623 8367958.500000002, 627389.5099999619 8367955.620000003, 627409.5899999618 8367943.910000001, 627485.1899999627 8367944.410000001, 627509.5599999608 8367908.080000003, 627511.7499999607 8367863.670000001, 627496.9799999607 8367832.580000002, 627400.1999999606 8367742.370000003, 627353.789999961 8367682.220000003, 627353.5299999622 8367617.700000003, 627364.2099999628 8367568.120000002, 627425.919999961 8367484.150000003)",6,6,7,7
53,PALLCCARANA,R,1,53,"LINESTRING (624009.1799999669 8366426.410000002, 623997.5099999656 8366368.92, 624017.9099999672 8366076.590000001, 624001.5799999656 8365977.860000003, 623975.8999999664 8365926.100000002, 623954.2599999672 8365858.410000001, 623916.4599999662 8365804.320000001, 623828.389999966 8365766.800000003, 623736.6499999671 8365749.67, 623688.9999999673 8365709.320000002, 623613.6499999668 8365672.730000002, 623583.8599999662 8365638.980000003, 623549.5199999663 8365563.43, 623506.1999999672 8365529.620000001, 623483.6899999683 8365455.710000001, 623489.5599999675 8365399.700000002, 623467.2099999664 8365331.530000003, 623459.8699999686 8365162.490000002, 623444.7699999665 8365141.800000001, 623434.2699999674 8365088.550000001, 623447.0599999689 8365018.370000002, 623403.2099999664 8364944.700000003, 623371.6499999667 8364868.590000002, 623331.0099999664 8364807.370000001, 623334.9099999667 8364710.670000003, 623322.3699999677 8364683.160000001, 623306.7999999677 8364614.580000001, 623291.089999967 8364583.760000002, 623269.8699999686 8364560.75, 623261.0199999686 8364460.6, 623268.7499999673 8364417.23, 623259.9099999686 8364371.620000002, 623241.8599999666 8364328.110000003, 623182.0799999676 8364245.200000001, 623151.8799999675 8364187.500000002, 623112.7799999677 8364037.450000003, 623096.2199999671 8363994.740000001, 622971.8099999686 8363829.830000002, 622826.9299999691 8363787.380000002)",4,4,5,6
54,,R,1,54,"LINESTRING (622826.9299999691 8363787.380000002, 622755.9199999692 8363748.490000002, 622703.9599999678 8363700.010000002, 622665.2199999671 8363630.920000002, 622619.2899999698 8363600.460000003, 622573.7999999677 8363541.020000001, 622467.80999997 8363428.91, 622401.3399999702 8363421.350000001, 622325.6799999683 8363392.200000001, 622233.3399999692 8363376.780000002, 622180.9899999693 8363316.360000003, 622041.5599999693 8363281.14, 621891.5299999694 8363276.370000002, 621817.2799999702 8363283.450000003, 621780.57999997 8363308.920000002, 621758.6299999701 8363347.060000001, 621718.0199999699 8363362.820000002, 621662.2099999702 8363372.07, 621576.1099999689 8363347.240000001, 621460.23999997 8363336.68)",3,4,5,5
55,,QI,1,55,"LINESTRING (618320.459999973 8364682.780000001, 618337.499999974 8364691.300000002, 618375.8699999733 8364712.62, 618388.6599999728 8364716.880000001, 618527.1599999731 8364771.820000001, 618598.7999999723 8364805.250000002, 618694.3199999731 8364814.810000001, 618751.6299999737 8364819.580000002, 618942.6599999744 8364869.740000002, 619114.5999999719 8364917.510000002, 619258.1899999718 8364900.170000001, 619427.269999973 8364834.8, 619447.1499999731 8364815.629999999, 619494.3299999734 8364789.760000002, 619533.4299999732 8364755.500000001, 619596.859999972 8364720.430000002, 619625.3299999711 8364688.530000001, 619703.529999972 8364629.420000001, 619757.4599999714 8364619.02, 619826.6899999707 8364628.650000001, 619863.6499999724 8364629.240000001, 619884.7999999714 8364607.150000002)",2,2,5,6
56,,QI,1,56,"LINESTRING (620532.6699999701 8366481.530000002, 620532.6599999726 8366468.75, 620524.1399999713 8366426.12, 620507.0899999705 8366387.760000002, 620490.0399999705 8366374.980000001, 620472.9899999703 8366353.66, 620464.4599999725 8366345.140000002, 620451.67999997 8366340.880000003, 620434.6299999718 8366328.090000001, 620417.5799999721 8366315.300000001, 620355.4899999727 8366241.270000001, 620302.9599999704 8366172.010000002, 620250.4199999702 8366117.08, 620231.3199999715 8366052.590000001, 620234.2899999723 8366016.930000002, 620234.2899999709 8365982.830000002, 620225.7699999715 8365948.73, 620221.5099999708 8365940.21, 620217.2399999716 8365931.680000001, 620208.7199999703 8365914.630000003, 620208.7199999704 8365880.530000001, 620208.7199999708 8365846.43, 620208.7199999716 8365842.170000002, 620225.439999971 8365631.990000002, 620234.2999999716 8365569.37, 620242.3199999728 8365532.480000002, 620275.1899999705 8365471.600000002, 620284.9699999709 8365438.190000001, 620277.3099999704 8365361.740000003, 620293.5699999712 8365315.610000001, 620285.8299999709 8365265.240000001, 620291.7599999707 8365202.040000003, 620284.2299999718 8365166.230000001, 620230.0199999708 8365071.370000001, 620189.1499999724 8365028.710000001, 620166.0899999711 8364944.92, 620114.4799999717 8364855.840000001, 619992.6399999731 8364718.630000001, 619948.5999999723 8364711.530000002, 619922.4299999721 8364692.400000002, 619888.999999973 8364629.270000001, 619884.7999999714 8364607.150000002)",2,3,5,6
57,,Q,1,57,"LINESTRING (617519.1199999758 8364111.620000001, 617536.1599999736 8364103.090000003, 617574.529999974 8364086.040000001, 617587.3199999733 8364081.78, 617632.689999976 8364053.130000001, 617709.0999999749 8363991.030000001, 617778.3499999741 8363950.430000001, 617834.5399999756 8363928.33, 617889.3499999737 8363931.530000001, 618000.2999999733 8363918.940000001, 618064.7099999731 8363891.390000002, 618125.0499999748 8363846.920000002, 618204.7499999737 8363732.450000003, 618225.1199999738 8363677.850000001, 618252.7999999748 8363626.890000001, 618255.4099999745 8363599.29, 618227.769999973 8363531.070000001, 618222.4199999728 8363476.510000001, 618243.7199999739 8363344.380000001, 618252.9599999738 8363322.35, 618365.5699999741 8363185.230000002, 618418.719999973 8363130.290000001, 618454.9199999729 8363077.86, 618579.0599999734 8362954.280000002, 618629.2399999726 8362918.670000002, 618680.5799999725 8362841.630000001, 618745.2799999746 8362806.590000002, 618798.9299999732 8362669.590000003, 618831.7099999735 8362637.790000002, 618867.4599999723 8362572.870000003, 618970.8199999725 8362445.660000002, 619004.5699999722 8362385.320000002, 619018.9999999745 8362331.280000001, 619050.5699999728 8362279.83)",1,2,5,5
58,,QI,1,58,"LINESTRING (617007.6199999762 8362747.630000001, 617024.6699999766 8362739.100000001, 617063.0399999747 8362722.060000001, 617129.8999999764 8362686.239999999, 617180.0499999744 8362640.860000002, 617308.9999999738 8362454.570000001, 617387.7999999753 8362344.710000003, 617447.4999999757 8362251.57, 617485.7099999744 8362139.320000001, 617494.7899999755 8362123.750000001, 617509.1199999736 8362092.700000002, 617561.6499999755 8362042.54, 617621.4199999748 8362005.970000002, 617676.7099999735 8361979.360000003, 617785.0599999755 8361902.460000001, 618046.2499999742 8361649.970000003, 618092.0399999749 8361620.230000001, 618155.9199999738 8361602.250000002, 618271.8599999731 8361607.610000001, 618326.429999975 8361601.520000001, 618401.439999974 8361583.27, 618496.919999974 8361547.700000001, 618614.0099999742 8361539.450000003, 618700.0599999746 8361517.12, 618741.0099999723 8361491.63, 618810.6299999728 8361426.98, 618873.4199999734 8361393.15, 618928.629999973 8361356.93)",1,2,4,5
59,,Q,1,59,"LINESTRING (616555.809999977 8361503.000000001, 616568.5899999751 8361494.470000001, 616611.2199999748 8361460.370000001, 616649.5799999749 8361422.010000002, 616666.6299999745 8361409.230000001, 616702.4499999748 8361349.519999999, 616738.2699999744 8361287.420000001, 616728.7199999767 8361065.310000001, 616757.379999977 8360826.480000002, 616836.1799999763 8360683.190000001, 616871.2199999761 8360607.880000003, 616905.8399999755 8360537.030000002, 616918.9599999755 8360529.75, 616936.2399999768 8360502.540000002, 617005.3799999756 8360439.810000001, 617104.3199999752 8360369.120000002, 617171.7799999753 8360274.810000001, 617246.7699999764 8360225.73, 617263.3599999753 8360203.660000002, 617270.0499999744 8360177.11, 617292.4599999739 8360135.330000002, 617449.5999999745 8359978.500000002, 617532.1999999748 8359908.090000001, 617615.429999974 8359879.130000001, 617671.2799999749 8359848.140000002, 617708.8599999743 8359797.06, 617770.0499999734 8359672.790000003, 617887.9999999742 8359566.250000001, 618013.6899999749 8359504.980000002, 618072.3899999748 8359447.8, 618212.1099999743 8359357.150000001, 618329.6099999741 8359319.66, 618369.5299999736 8359300.170000002, 618467.5699999729 8359218.810000001, 618492.8999999742 8359189.460000001, 618504.119999975 8359161.5, 618509.9899999744 8359055.360000002)",1,2,3,4
60,,QI,1,60,"LINESTRING (615656.4299999761 8360633.460000002, 615656.4299999765 8360629.2, 615656.4299999768 8360620.68, 615673.4799999761 8360548.21, 615683.0299999771 8360455.060000001, 615704.5199999759 8360369.08, 615749.8899999763 8360230.560000001, 615776.1599999762 8360154.130000001, 615871.679999978 8360058.6, 615969.5799999775 8359951.130000001, 616001.6899999777 8359908.850000001, 616078.1899999762 8359829.36, 616142.299999977 8359783.71, 616243.8799999749 8359631.820000001, 616270.4499999755 8359556.15, 616309.1399999764 8359505.359999999, 616359.0799999755 8359405.88, 616422.6699999748 8359325.990000002)",0,1,3,4
61,,R,1,61,"LINESTRING (618928.629999973 8361356.93, 618944.8599999738 8361271.630000001, 618943.5899999734 8361150.790000003, 618920.7799999746 8361098.400000002)",2,2,4,4
62,,R,1,62,"LINESTRING (618509.9899999744 8359055.360000002, 618497.6499999736 8359040.720000001, 618502.9099999724 8358986.240000002, 618495.6299999733 8358969.360000003, 618480.009999975 8358959.160000002, 618416.0299999727 8358942.02, 618401.7099999727 8358928.420000002, 618376.8599999736 8358869.780000001, 618335.2999999751 8358805.08)",2,2,3,3
63,,QI,1,63,"LINESTRING (614978.6999999789 8357526.140000001, 614991.4899999766 8357526.140000001, 615034.1199999765 8357517.610000001, 615076.7399999767 8357504.830000001, 615110.8399999762 8357487.779999999, 615144.9399999777 8357470.730000002, 615179.0399999775 8357453.680000001, 615213.1399999772 8357436.630000002, 615247.2399999772 8357440.89, 615281.3399999785 8357440.89, 615311.1699999785 8357440.890000001, 615375.6399999768 8357445.66, 615435.3399999766 8357455.210000002, 615480.7099999777 8357459.99, 615509.3699999782 8357464.77, 615552.349999976 8357464.770000001, 615640.6999999759 8357459.990000003, 615702.789999978 8357445.66, 615872.3299999755 8357464.770000001, 615953.5199999777 8357491.04, 616089.6399999755 8357452.830000002, 616146.6099999755 8357415.32, 616176.4399999765 8357407.49, 616221.8599999752 8357406.88, 616270.2099999757 8357422.410000003, 616314.2399999775 8357426.440000001, 616341.3299999754 8357439.920000002, 616372.5099999756 8357482.800000002, 616394.5399999757 8357500.56, 616503.2699999748 8357504.52, 616578.8399999755 8357481.32, 616663.6699999765 8357469.640000002, 616729.8499999754 8357393.290000001, 616758.2699999746 8357378.370000001, 616807.1299999753 8357379.7, 616851.0399999761 8357400.000000001, 616923.1899703667 8357422.391784133)",0,1,3,3
64,,QI,1,64,"LINESTRING (618405.7099999727 8355659.190000001, 618418.4999999737 8355654.920000001, 618435.5399999752 8355650.66, 618452.5999999731 8355650.660000002, 618469.6399999752 8355646.400000001, 618486.6899999731 8355642.140000002, 618507.9999999737 8355637.880000001, 618579.6399999746 8355628.330000002, 618656.049999974 8355573.400000001, 618722.9099999728 8355542.350000001, 618763.7499999735 8355488.690000002, 618835.1399999745 8355495.230000002, 618977.719999972 8355467.830000002, 619127.7699999734 8355408.290000001, 619210.0699999718 8355395.470000002, 619248.3399999735 8355430.710000001, 619323.9199999737 8355474.290000002, 619346.7199999744 8355478.210000003, 619438.6299999729 8355473.050000002, 619502.0599999737 8355508, 619551.5899999732 8355518.520000001, 619580.6899999719 8355546.440000003, 619625.9999999724 8355621.470000002, 619641.0999999729 8355693.280000001, 619631.5599999717 8355754.67, 619581.7199999721 8355859.76, 619580.979999973 8355951.859999999)",2,2,2,2
65,,QI,1,65,"LINESTRING (620579.5499999702 8357364.170000002, 620562.4999999718 8357368.420000002, 620524.1399999724 8357376.950000003, 620490.0399999728 8357389.74, 620455.9399999724 8357389.74, 620421.8399999727 8357389.740000002, 620387.739999973 8357389.74, 620366.4299999714 8357389.740000002, 620301.959999973 8357344.370000002, 620173.0099999732 8357241.670000002, 620103.7599999717 8357177.19, 620080.8499999711 8357155.310000001, 620072.3199999714 8357146.780000001, 620046.7499999732 8357125.470000003, 620033.9599999724 8357108.42, 620012.6399999729 8357074.320000002, 619995.5899999731 8357040.220000001, 619987.069999971 8357035.960000003, 619987.0699999729 8357006.120000002, 619987.0699999726 8356984.810000002, 619970.349999972 8356884.500000002, 619946.4799999734 8356762.690000001, 619923.1399999717 8356694.960000001, 619855.3999999717 8356614.020000001, 619789.4299999729 8356506.090000001, 619625.3399999725 8356298.180000002, 619547.849999972 8356186.51, 619510.999999974 8356125.62)",2,3,2,3
66,,QI,1,66,"LINESTRING (621146.4599999706 8357018.91, 621146.4499999697 8357006.120000001, 621142.1899999698 8356963.500000002, 621129.3999999717 8356929.390000002, 621120.8799999703 8356899.56, 621039.689999971 8356832.690000001, 620982.3799999719 8356772.980000003, 620927.4599999719 8356691.780000001, 620903.4999999702 8356677.91, 620890.7099999709 8356665.120000001, 620873.6599999722 8356656.600000001, 620852.3499999699 8356639.550000001, 620831.03999997 8356626.76, 620809.7199999718 8356613.970000003, 620792.669999972 8356596.920000001, 620775.6199999708 8356579.870000001, 620754.30999997 8356558.560000001, 620737.2599999721 8356545.780000002, 620724.4799999705 8356532.990000002, 620683.8899999721 8356485.220000001, 620638.5099999704 8356454.170000002, 620585.9799999708 8356444.620000003, 620526.2799999709 8356420.730000001, 620468.729999971 8356405.120000003, 620372.1799999726 8356361.720000003, 620273.5099999725 8356343.030000002, 620157.5599999715 8356342.600000001, 620034.8099999717 8356374.940000003, 619925.6899999712 8356362.970000003, 619864.3199999724 8356346.250000002, 619798.7199999711 8356315.510000002, 619648.2099999727 8356201.230000002, 619586.6199999736 8356139.190000003, 619531.1099999722 8356062.450000002)",2,3,2,3
67,,R,1,67,"LINESTRING (619580.979999973 8355951.859999999, 619595.0299999724 8355942.42, 619794.4099999715 8355929.22, 619846.9799999717 8355914.08, 619872.7199999716 8355887.690000001, 619905.5499999715 8355838.620000002, 619956.7499999714 8355703.520000001, 619994.2799999722 8355643.750000002, 620073.0999999708 8355565.740000001, 620129.0599999722 8355519.810000001, 620214.7199999718 8355405.340000003, 620380.8099999717 8355236.840000001, 620436.8399999709 8355197.35, 620486.5999999715 8355185.090000002, 620546.1899999719 8355156.930000002, 620566.9999999704 8355135.040000001, 620588.1799999709 8355095.86, 620602.0599999703 8355039.820000002, 620644.4399999719 8354944.810000001, 620649.3099999714 8354897.530000002, 620642.0599999712 8354865.660000002, 620604.4099999723 8354838.66, 620590.9799999708 8354810.490000004, 620580.0899999726 8354724.860000002, 620533.3699999707 8354533.9, 620529.1099999712 8354465.71, 620538.3399999704 8354397.500000002, 620569.0499999725 8354293.280000003, 620599.4399999703 8354244.770000001, 620625.8299999707 8354224.930000002, 620641.3499999701 8354191.490000002, 620660.1399999729 8354073.670000002, 620645.9199999722 8354029.190000001, 620637.8599999722 8353940.790000001, 620552.2399999712 8353817.990000001, 620550.9099999723 8353802.340000003)",2,3,1,2
68,,R,1,68,"LINESTRING (620550.9099999723 8353802.340000003, 620544.8299999714 8353730.880000003, 620497.579999971 8353614.920000002, 620482.9299999711 8353553.530000002, 620482.2299999731 8353503.860000002, 620490.5999999709 8353485.250000002, 620502.1699999705 8353403.51, 620555.7199999706 8353237.230000001, 620574.9799999713 8353209.140000002, 620745.0599999718 8353023.280000003)",3,3,1,1
69,,R,1,69,"LINESTRING (624062.7299999669 8355777.090000003, 624042.3599999684 8355742.400000001, 623983.5799999683 8355698.000000002, 623943.1599999678 8355639.420000004, 623929.3999999663 8355607.370000003, 623928.4299999677 8355556.130000001)",4,4,2,2
70,,Q,2,70,"LINESTRING (632120.5499999539 8369806.610000004, 632030.8499999535 8369865.570000003, 631844.9399999531 8369877.600000003, 631809.7499999544 8369858.730000003, 631788.2599999533 8369830.490000004, 631674.2299999534 8369727.850000001, 631587.409999955 8369683.350000001)",8,8,7,7
71,,Q,1,71,"LINESTRING (631587.409999955 8369683.350000001, 631438.8399999544 8369701.090000003, 631412.8599999564 8369721.950000002, 631402.4499999546 8369754.02, 631366.8999999547 8369780.190000002, 631326.3499999546 8369828.770000002, 631308.6399999552 8369835.790000002, 631263.7999999565 8369837.520000003, 631218.7299999546 8369875.280000002, 631105.2299999555 8369889.530000003, 631011.8799999545 8369880.110000001, 630934.7299999571 8369900.480000002, 630791.8299999567 8369912.160000003, 630689.2199999562 8369945.650000002, 630632.4099999552 8369974.890000002, 630607.7799999559 8370011.420000002, 630550.6099999555 8370070.900000002, 630499.6699999563 8370091.820000004, 630434.7099999562 8370157.190000002, 630402.3499999577 8370155.760000004, 630293.649999958 8370119.530000004, 630234.0899999567 8370118.490000002, 630203.7099999563 8370131.490000002, 630149.3799999563 8370135.960000003, 630109.8099999567 8370183.030000004, 630054.2299999584 8370211.130000003)",7,8,7,8
72,,Q,1,72,"LINESTRING (630054.2299999584 8370211.130000003, 629937.6799999566 8370167.720000003, 629865.6899999571 8370167.090000002, 629812.4499999585 8370152.290000003, 629795.9299999581 8370161.930000002, 629752.6999999572 8370221.780000002, 629701.4399999566 8370225.050000003, 629687.4499999568 8370247.730000003, 629669.049999958 8370258.160000004, 629636.2299999573 8370260.620000002, 629614.7399999574 8370251.810000003)",7,7,8,8
73,ANTAPAILCA,Q,1,73,"LINESTRING (629614.7399999574 8370251.810000003, 629602.4399999575 8370209.430000002, 629617.9899999574 8370122.070000001, 629613.3499999574 8370086.730000003, 629597.9199999578 8370059.800000004, 629506.4899999571 8370016.320000003, 629449.4499999582 8370008.260000002, 629421.9199999572 8369995.120000001, 629367.1099999578 8369943.920000002, 629324.769999959 8369888.590000004, 629250.0699999591 8369850.990000001, 629169.0799999584 8369743.010000002, 629022.1099999591 8369684.460000001, 628980.7199999585 8369658.270000001, 628969.8699999591 8369635.980000003, 628854.9699999602 8369533.280000003, 628841.1299999598 8369508.010000002, 628830.2099999607 8369460.970000003, 628792.319999958 8369411.960000001, 628675.3499999607 8369407.690000001, 628592.9399999587 8369330.980000003, 628543.0799999604 8369312.350000001, 628490.6399999597 8369267.030000004, 628439.8599999601 8369242.500000001, 628410.119999959 8369213.610000001, 628396.4599999592 8369189.530000004, 628388.969999959 8369138.770000001, 628377.1999999601 8369106.920000001, 628347.2799999594 8369091.960000003, 628326.5399999608 8369070.960000001, 628311.1099999608 8369029.080000002, 628241.9999999593 8368933.150000003, 628232.0599999612 8368907.570000004, 628234.2799999615 8368883.720000003, 628268.2099999596 8368839.040000001, 628272.5199999597 8368824.180000002, 628256.9199999606 8368696.580000002, 628268.3999999592 8368578.080000003, 628298.4399999602 8368480.550000003, 628274.2399999613 8368386.100000003, 628252.6599999615 8368359.130000001, 628219.1099999596 8368334.700000002, 628162.129999961 8368233.630000002, 628117.6199999595 8368199.060000003, 628077.3099999611 8368122.310000001, 628010.369999962 8368053.040000003, 627913.4999999602 8367994.090000002, 627831.2799999601 8367972.160000004, 627777.5999999611 8367884.290000002, 627738.8999999602 8367805.990000002, 627617.0399999623 8367704.700000001, 627552.4599999625 8367633.610000001, 627480.6899999608 8367527.150000002, 627425.919999961 8367484.150000003)",6,7,7,8
74,,R,1,74,"LINESTRING (627425.919999961 8367484.150000003, 627398.5999999609 8367372.610000001, 627379.4899999625 8367346.190000003, 627362.009999961 8367336.740000001, 627344.9999999611 8367302.450000003, 627340.3299999617 8367198.950000002, 627313.219999962 8367160.000000001, 627282.7399999611 8367145.740000002, 627247.3299999607 8367139.780000003, 627133.059999963 8367027.120000001, 627080.4799999623 8366958.210000002, 627025.9799999612 8366930.480000002, 626948.5099999614 8366813.390000001, 626902.1699999612 8366795.52, 626866.4699999631 8366751.310000001, 626833.2599999616 8366751.490000002, 626764.3499999624 8366764.980000001, 626722.2799999625 8366761.060000001, 626650.6099999619 8366723.630000002, 626491.5499999633 8366671.92, 626389.9699999633 8366617.220000003, 626234.0999999633 8366518.060000003, 626121.5799999645 8366487.690000003, 625964.7299999631 8366487.010000002, 625841.969999963 8366517.080000003, 625714.8199999649 8366517.460000001, 625653.4499999641 8366480.290000003, 625625.2299999639 8366470.730000003, 625477.0899999657 8366479.400000002, 625433.3099999643 8366493.770000001, 625329.8199999635 8366571.620000003, 625318.7899999643 8366629.000000002, 625235.8799999659 8366686.480000002, 625188.9499999655 8366705.980000001, 625075.4499999639 8366703.800000003, 625011.7699999656 8366644.220000003, 624974.7799999648 8366621.490000002, 624868.9099999649 8366574.330000001, 624720.0899999655 8366535.240000001, 624651.8899999672 8366528.430000002, 624563.2299999649 8366536.56, 624460.939999966 8366523.920000002, 624406.4699999663 8366500.240000001, 624350.1099999674 8366465.880000003, 624308.8999999665 8366457.77, 624266.5599999669 8366436.060000001, 624232.4599999662 8366427.530000002, 624192.199999966 8366429.830000003, 624158.779999966 8366450.370000003, 624076.0399999663 8366443.410000001, 624046.2599999679 8366451.290000003, 624033.1999999669 8366447.980000001, 624009.1799999669 8366426.410000002)",4,6,6,7
75,,Q,1,75,"LINESTRING (624684.4399999655 8367747.170000002, 624679.2199999643 8367689.540000003, 624620.159999965 8367604.040000001, 624584.9999999668 8367533.730000002, 624486.0499999649 8367424.760000002, 624375.4399999668 8367430.590000003, 624355.8399999666 8367408.920000001, 624295.059999967 8367385.300000001, 624252.6699999669 8367347.040000001, 624183.0099999659 8367324.150000003, 624152.1799999655 8367250.900000004, 624129.6199999673 8367233.070000002, 624114.579999966 8367209.900000003, 624107.8999999664 8367165.840000003, 624072.9699999654 8367109.530000002, 624085.4799999661 8367070.390000001, 624083.3899999657 8367049.150000001, 624068.3599999658 8367015.760000003, 624049.8899999668 8366994.440000003, 624024.0999999661 8366888.300000001, 623989.7599999662 8366842.09, 623978.1399999659 8366799.08, 623968.4299999664 8366678.460000003, 623976.3599999659 8366576.150000003, 623961.5499999676 8366488.800000003, 624009.1799999669 8366426.410000002)",4,4,6,7
76,,Q,1,76,"LINESTRING (623913.5699999663 8363276.240000002, 623830.1299999666 8363330.610000003, 623803.3699999682 8363329.450000001, 623749.3899999661 8363313.110000001, 623713.8799999666 8363324.650000002, 623689.0799999661 8363303.8, 623642.9299999662 8363298.140000002, 623598.4599999666 8363341.680000002, 623576.6099999668 8363351.350000001, 623533.4599999666 8363355.07, 623487.6499999673 8363334.020000001, 623458.2999999666 8363332.590000001, 623401.2799999668 8363349.820000002, 623362.4699999666 8363376.390000001, 623284.8999999666 8363398.350000001, 623196.019999967 8363391.49, 623175.7499999674 8363396.610000002, 623161.8099999677 8363407.690000001, 623135.1199999666 8363449.820000003, 623082.9499999682 8363481.720000003, 623037.6999999671 8363534.010000002, 622992.8999999672 8363547.240000001, 622903.3299999672 8363593.920000002, 622820.9999999697 8363605.610000002, 622792.7199999684 8363626.320000002, 622785.7899999678 8363647.380000003, 622787.6999999678 8363671.950000001, 622826.9299999691 8363787.380000002)",4,4,5,5
77,,Q,1,77,"LINESTRING (621511.9299999699 8364573.310000002, 621582.5499999694 8364465.65, 621680.5999999696 8364406.690000002, 621703.0299999692 8364372.500000002, 621710.5699999687 8364348.84, 621716.3899999688 8364257.64, 621693.0199999693 8364203.560000001, 621617.0499999687 8364139.750000002, 621567.3899999688 8364017.260000002, 621528.7799999695 8363998.960000002, 621501.5499999695 8363994.09, 621483.7699999714 8363980.810000002, 621459.0299999698 8363926.900000001, 621445.5599999712 8363844.180000002, 621466.2599999704 8363808.590000002, 621476.7899999695 8363757.830000002, 621500.8399999691 8363696.450000002, 621523.1099999696 8363499.290000001, 621517.4099999701 8363472.870000003, 621482.1199999694 8363445.190000001, 621468.9799999697 8363426.77, 621460.23999997 8363336.68)",3,3,5,5
78,,R,1,78,"LINESTRING (621460.23999997 8363336.68, 621404.7299999695 8363331.620000003, 621357.619999969 8363314.75, 621293.099999971 8363260.82, 621277.2699999714 8363254.470000001, 621085.4699999716 8363250.950000002, 621039.0799999703 8363211.040000001)",3,3,5,5
79,,R,1,79,"LINESTRING (621039.0799999703 8363211.040000001, 620890.8699999698 8363168.660000002, 620802.2299999702 8363123.910000002, 620729.2099999702 8363124.560000002, 620709.9899999703 8363116.020000001, 620695.8699999723 8363099.700000001, 620597.2499999719 8363061.400000002, 620377.5799999723 8363090.840000002, 620335.6099999719 8363072.900000003, 620304.3999999712 8363075.760000001)",2,3,5,5
80,,Q,1,80,"LINESTRING (619884.7999999714 8364607.150000002, 619892.2099999732 8364585.200000002, 619948.4099999733 8364497.900000001, 620047.8099999717 8364436.360000001, 620111.0199999723 8364378.190000001, 620139.3199999705 8364341.130000003, 620172.959999971 8364311.120000002, 620250.2399999709 8364206.210000001, 620253.4699999726 8364158.500000002, 620275.8199999719 8364083.48, 620276.6099999717 8364005.170000001, 620247.9399999711 8363954.64, 620221.9999999715 8363803.870000001, 620203.0999999726 8363735.660000001, 620200.3699999705 8363639.12, 620207.7999999708 8363624.65, 620266.6699999704 8363624.070000002, 620275.8099999712 8363610.880000001, 620271.2299999711 8363568.15, 620285.0399999704 8363521.450000002, 620274.2399999709 8363466.250000002, 620278.0099999724 8363363.980000002, 620292.629999971 8363315.460000002, 620318.1199999708 8363283.270000002, 620327.6699999705 8363232.230000003, 620304.3999999712 8363075.760000001)",2,2,5,5
81,,R,1,81,"LINESTRING (620304.3999999712 8363075.760000001, 620258.8399999726 8363063.440000001, 620182.2599999711 8363039.850000001, 620138.7999999733 8363017.970000001, 620049.6099999715 8363011.03, 619994.2299999717 8362977.310000001, 619962.2099999712 8362965.720000002, 619898.2799999731 8362916.580000002, 619789.579999971 8362882.610000001, 619690.409999972 8362835.920000003, 619618.2699999711 8362783.79, 619481.9699999712 8362656.690000001, 619442.1199999724 8362586.990000002, 619392.0299999726 8362426.250000001, 619379.5981439364 8362339.983748671)",2,2,5,5
82,,Q,1,82,"LINESTRING (619783.109999972 8361993.310000001, 619749.2099999733 8362030.730000002, 619730.8999999715 8362083.52, 619701.7099999737 8362139.820000001, 619682.279999973 8362200.570000001, 619598.369999973 8362281.670000002, 619423.4999999739 8362334.610000003, 619379.5981439364 8362339.983748671)",2,2,4,5
83,,R,1,83,"LINESTRING (619379.5981439364 8362339.983748671, 619358.2097047474 8362339.084458373, 619343.169999974 8362317.1, 619264.6299999721 8362300.94, 619101.2399999724 8362320.81)",2,2,5,5
84,,R,1,84,"LINESTRING (619101.2399999724 8362320.81, 619062.1899999729 8362299.300000002, 619050.5699999728 8362279.83)",2,2,5,5
85,,R,1,85,"LINESTRING (619050.5699999728 8362279.83, 619034.8899999739 8362204.830000002, 618971.3599999725 8362047.580000003, 618947.7499999721 8361849.960000002, 618945.5999999742 8361720.380000002, 618914.3499999722 8361618.080000002, 618904.7699999729 8361543.070000001, 618909.5199999734 8361482.160000002, 618935.5199999732 8361415.440000001, 618928.629999973 8361356.93)",2,2,4,5
86,,R,1,86,"LINESTRING (618920.7799999746 8361098.400000002, 618924.6599999728 8361050.170000002, 618908.5199999732 8360812.690000003, 618901.849999974 8360785.140000001, 618882.7499999726 8360749.540000003, 618824.599999973 8360674.390000002, 618819.9799999741 8360639.550000002, 618823.7199999733 8360607.370000002)",2,2,4,4
87,,R,1,87,"LINESTRING (618823.7199999733 8360607.370000002, 618825.899999973 8360588.610000002, 618811.0699999743 8360532.33, 618811.7799999743 8360490.390000001, 618853.599999973 8360352.990000003, 618852.1699999741 8360288.940000003, 618781.9799999732 8360206.67, 618726.9599999725 8360110.110000003, 618666.6299999747 8360032.02, 618642.5699999735 8359962.530000001, 618639.6699999734 8359867.080000002, 618622.1199999744 8359814.640000001, 618588.2699999742 8359795.18, 618558.5499999733 8359759.280000002, 618540.9399999729 8359671.000000001, 618500.1799999732 8359555.060000001, 618487.0799999739 8359398.210000002, 618520.2399999743 8359242.000000001, 618561.6299999744 8359161.250000002, 618565.6299999738 8359111.12, 618553.2699999746 8359090.710000002, 618509.9899999744 8359055.360000002)",2,2,3,4
88,CCANCCAHUA,Q,1,88,"LINESTRING (616422.6699999748 8359325.990000002, 616620.0499999748 8359202.59, 616666.519999976 8359190.050000001, 616730.7699999756 8359186.890000001, 616858.9399999747 8359164.300000001, 616893.0099999767 8359165.840000001, 616945.0499999755 8359179.83, 617007.3799999743 8359179.490000001, 617043.4699999756 8359172.059999999, 617087.5299999744 8359148.000000002, 617118.1399999743 8359111.940000002, 617196.0299999749 8359069.260000002, 617348.8499999751 8359013.690000002, 617412.5699999741 8359001.24, 617519.3199999735 8358992.570000002, 617723.8999999744 8358992.940000002, 617812.9899999757 8359003.810000001, 617919.2999999754 8359032.970000001, 617941.0899999741 8359033.610000001, 618023.4799999733 8359001.710000002, 618222.059999973 8358889.86, 618243.7999999734 8358865.860000003, 618309.0099999746 8358827.500000003, 618335.2999999751 8358805.08)",1,2,3,3
89,PALLCCARANA,R,1,89,"LINESTRING (618335.2999999751 8358805.08, 618321.5399999741 8358763.69, 618317.6099999745 8358694.050000003, 618330.3999999727 8358652.85, 618386.1099999731 8358577.090000002, 618398.169999974 8358546.170000003, 618419.1999999741 8358404.2, 618434.6699999738 8358363.680000002, 618456.9999999733 8358336.850000001, 618476.2499999749 8358299.390000001, 618477.8499999726 8358247.350000001, 618470.0299999728 8358187.41, 618492.3699999738 8358088.780000002, 618514.689999975 8358027.770000002, 618562.1799999729 8357940.970000001, 618568.759999975 8357859.350000001, 618580.0399999749 8357838.250000002, 618588.7399999746 8357796.950000001, 618567.7799999729 8357734.900000002, 618561.1099999736 8357687.300000001)",2,2,3,3
90,LLALLYASCA,Q,1,90,"LINESTRING (616923.1899703667 8357422.391784133, 617031.3199999762 8357455.950000001, 617082.2099999741 8357485.640000002, 617117.2399999746 8357548.34, 617155.3899999744 8357576.57, 617275.6899999753 8357598.450000003, 617399.0099999749 8357584.390000002, 617425.3299999742 8357597.18, 617496.849999974 8357651.840000003, 617621.6299999759 8357678.250000001, 617795.6299999746 8357662.880000001, 617877.8699999759 8357663.950000001, 617957.4099999748 8357757.090000002, 618003.7599999749 8357770.190000002, 618060.4599999737 8357769.710000003, 618145.2199999731 8357733.660000001, 618241.7899999733 8357670.200000002, 618347.4499999736 8357642.650000002, 618561.1099999736 8357687.300000001)",1,2,3,3
91,,R,1,91,"LINESTRING (618561.1099999736 8357687.300000001, 618565.3599999747 8357669.32, 618586.0299999749 8357613.060000002, 618594.6099999736 8357563.340000002, 618630.4999999735 8357468.160000002, 618629.4699999739 8357440.880000001, 618607.9399999732 8357352.230000002, 618605.4899999736 8357188.870000001, 618622.4599999726 8357145.790000001, 618698.1099999726 8357050.48, 618721.8299999733 8356992.62, 618796.1099999732 8356888.270000001, 618866.1599999731 8356804.07, 618873.7499999744 8356786.140000002)",2,2,2,3
92,,R,1,92,"LINESTRING (618873.7499999744 8356786.140000002, 618927.179999973 8356799.720000003, 618981.5599999729 8356790.450000001)",2,2,2,2
93,,R,1,93,"LINESTRING (618981.5599999729 8356790.450000001, 618997.6999999725 8356780.410000002, 619049.539999973 8356721.57, 619131.3299999732 8356703.550000002, 619163.0899999739 8356686.930000002, 619185.0799999731 8356609.260000002, 619211.5499999721 8356584.359999999, 619243.2699999718 8356565.670000002, 619272.4399999725 8356496.640000001, 619318.8299999727 8356455.430000002, 619334.4299999726 8356379.38, 619351.1599999726 8356336.840000004, 619412.2199999737 8356247.77, 619510.999999974 8356125.62)",2,2,2,2
94,,R,1,94,"LINESTRING (619510.999999974 8356125.62, 619531.1099999722 8356062.450000002)",2,2,2,2
95,,R,1,95,"LINESTRING (619531.1099999722 8356062.450000002, 619545.4699999724 8356016.730000002, 619580.979999973 8355951.859999999)",2,2,2,2
96,,Q,1,96,"LINESTRING (619523.2099999726 8354128.32, 619558.4099999726 8354112.860000001, 619640.2599999716 8354044.570000002, 619688.6899999721 8354032.350000002, 619845.5499999728 8354021.160000002, 619900.7399999721 8353998.06, 619921.6499999717 8353973.14, 619946.4599999718 8353959.890000001, 620012.6399999722 8353959.890000001, 620097.3399999721 8354000.390000002, 620157.5599999712 8353982.620000001, 620203.2899999714 8353956.550000002, 620273.0499999727 8353890.830000002, 620326.6599999729 8353865.680000002, 620337.9399999711 8353836.26, 620384.7699999728 8353798.980000002, 620441.8599999708 8353796.860000002, 620513.7499999722 8353808.870000003, 620550.9099999723 8353802.340000003)",2,3,1,1
97,ICHMANCHARA,Q,1,97,"LINESTRING (619980.8699999721 8352434.250000002, 620074.5899999728 8352465.090000002, 620100.0399999709 8352467.930000002, 620222.969999973 8352556.870000001, 620261.4799999726 8352569.810000001, 620331.4299999708 8352605.960000003, 620439.6299999713 8352731.790000003, 620477.0799999714 8352788.160000001, 620569.2099999706 8352898.560000001, 620624.7499999715 8352939.200000001, 620697.8499999713 8353017.640000002, 620745.0599999718 8353023.280000003)",2,3,1,1
98,,R,1,98,"LINESTRING (620745.0599999718 8353023.280000003, 620837.7499999702 8352995.670000002, 620933.5799999725 8352979.690000003, 621098.7199999699 8353015.980000001, 621194.1899999717 8353004.230000001, 621323.7499999715 8352970.68, 621407.8799999693 8352976.680000002, 621510.8499999711 8352890.110000003, 621660.7399999691 8352834.110000003, 621696.9499999715 8352815.180000002, 621792.7999999698 8352732.190000003, 621920.1399999694 8352551.010000003, 621971.6499999712 8352448.71, 622008.1699999702 8352354.380000003, 622034.2399999688 8352310.310000001, 622066.4599999685 8352277.250000001, 622216.4099999706 8352279.080000001, 622250.4299999684 8352260.590000002, 622287.0699999692 8352251.550000001, 622312.2299999689 8352254.91, 622351.3599999683 8352272.86, 622467.0699999705 8352265.550000003, 622525.4999999698 8352249.640000002, 622579.7199999685 8352269.490000002, 622610.419999968 8352270.540000001)",3,4,1,1
99,TAMBILLOS,Q,1,99,"LINESTRING (618410.1699999735 8354017.530000002, 618483.3999999734 8354002.890000001, 618515.1399999751 8353977.220000002, 618713.7099999727 8353945.960000001, 618765.0399999745 8353953.810000001, 618809.1099999744 8353946.03, 618845.4099999729 8353949.350000001, 618965.1699999742 8353992.410000001, 619007.5899999733 8353991.280000003, 619110.6799999725 8353968.950000001, 619185.9399999734 8354003.460000001, 619257.3399999741 8354061.600000002, 619327.5499999742 8354099.89, 619368.1699999722 8354110.120000003, 619523.2099999726 8354128.32)",2,2,1,1
100,,Q,1,100,"LINESTRING (623757.1699999664 8357480.030000003, 623881.589999966 8357337.6, 623962.1499999666 8357201.410000003)",4,4,3,3
101,,R,1,101,"LINESTRING (623962.1499999666 8357201.410000003, 623969.8299999677 8357127.150000003, 623983.1099999662 8357114.810000002, 623988.6599999659 8357093.080000002, 624102.969999966 8356857.270000002)",4,4,2,3
102,,Q,1,102,"LINESTRING (624604.5399999662 8357632.020000001, 624459.829999967 8357420.020000003, 624451.6699999662 8357314.720000003, 624421.9799999652 8357217.320000003, 624351.0799999678 8357114.870000001, 624221.4199999662 8356971.660000003)",4,4,3,3
103,,Q,1,103,"LINESTRING (624221.4199999662 8356971.660000003, 624102.969999966 8356857.270000002)",4,4,2,3
104,,R,1,104,"LINESTRING (624102.969999966 8356857.270000002, 624090.1599999683 8356799.890000001, 624038.9399999683 8356667.080000002)",4,4,2,2
105,,Q,1,105,"LINESTRING (627961.619999961 8358436.480000002, 627917.0299999613 8358310.050000001, 627915.0999999603 8358236.450000001, 627923.6399999609 8358109.240000003, 627909.9399999607 8358044.630000001, 627839.1099999606 8357952.020000001, 627749.9099999629 8357795.310000001, 627680.4399870459 8357691.649747815)",6,6,3,3
106,,Q,1,106,"LINESTRING (627680.4399870459 8357691.649747815, 627664.4699999607 8357667.820000001, 627600.6699999606 8357588.290000002, 627574.399999961 8357503.670000003, 627552.4999999616 8357460.660000003, 627520.9799999618 8357421.970000002, 627468.509999961 8357381.500000002, 627442.3199999612 8357349.040000001, 627402.4999999623 8357269.050000002, 627307.4599999631 8357113.350000003, 627252.3999999611 8356952.120000003, 627213.0099999615 8356909.910000004, 627137.6199999618 8356858.640000002, 627089.7699999628 8356812.600000003, 627029.3399999626 8356778.070000002, 626888.9899999634 8356616.900000002, 626813.3199999616 8356548.730000002, 626808.4299999621 8356471.460000002, 626783.5299999628 8356415.770000001, 626780.3099999634 8356356.890000003, 626768.2399999626 8356311.740000003, 626756.3199999621 8356211.600000003, 626706.009999963 8355972.910000004, 626675.7199999623 8355878.040000001, 626637.1899999629 8355795.580000002, 626606.0899999638 8355672.830000002, 626598.729999963 8355618.260000002, 626538.2299999638 8355478.840000003, 626475.0599999628 8355387.930000003, 626440.3999999635 8355359.400000002, 626420.9399999641 8355331.770000003, 626408.2499999647 8355268.770000002, 626424.8599999632 8355193.490000004, 626426.1899999627 8355161.190000002, 626343.4699999648 8355084.110000003, 626276.9799999634 8354992.980000001, 626203.1699999636 8354942.970000003, 626157.2499999641 8354883.840000002, 626119.1399999636 8354861.120000001, 626063.6099999654 8354839.490000001, 625991.639999964 8354847.740000004, 625887.2799999644 8354832.820000002, 625853.6299999652 8354858.700000001, 625830.2199999652 8354900.590000003, 625803.0099999642 8354915.480000002, 625726.0199999644 8354911.750000002, 625695.3299999647 8354920.810000001, 625644.1899999637 8354947.960000001, 625582.8199999653 8354959.420000003, 625516.2899999637 8354951.990000002, 625478.0899999645 8354956.300000003, 625449.3599999662 8354968.200000003, 625383.3199999649 8354974.350000002, 625337.2899999653 8354969.040000003, 625275.9299999649 8354979.260000002, 625236.6699999654 8354995.110000004, 625158.5399999653 8355040.700000001, 625129.2899999657 8355069.960000001, 625105.2099999667 8355110.070000002, 625007.1199999666 8355216.140000002, 624855.1699999647 8355295.550000002, 624808.8999999668 8355310.160000002, 624773.4199999662 8355313.190000003, 624744.6599999655 8355299.010000002, 624715.029999966 8355269.820000002, 624678.5499999649 8355251.130000001, 624475.6899999651 8355242.190000003, 624391.1699999667 8355305.83, 624331.7999999658 8355332.700000003, 624287.5099999661 8355380.300000003, 624217.4699999662 8355398.630000001, 624193.7999999681 8355412.960000001, 624139.7699999663 8355476.390000002, 624104.5399999664 8355541.440000003, 624078.8399999674 8355569.750000003, 624045.5499999659 8355572.210000003, 623950.7699999666 8355559.320000002, 623928.4299999677 8355556.130000001)",4,6,2,3
107,,R,1,107,"LINESTRING (624038.9399999683 8356667.080000002, 624069.0599999664 8356460.530000002, 624068.6299999672 8356421.990000002, 624043.1999999667 8356330.950000003, 623992.2399999676 8356196.000000003, 623960.7999999668 8356132.99, 623942.9399999671 8356037.830000003, 623945.0999999664 8355995.820000002, 623957.659999966 8355946.190000001)",4,4,2,2
108,,R,1,108,"LINESTRING (623957.659999966 8355946.190000001, 624059.0199999672 8355800.890000002, 624062.7299999669 8355777.090000003)",4,4,2,2
109,PALLCCA HUAYCCO,R,1,109,"LINESTRING (623928.4299999677 8355556.130000001, 623886.8199999671 8355492.800000003, 623809.2799999664 8355414.400000002, 623765.4199999674 8355263.640000002, 623745.1999999678 8355234.900000002, 623728.2099999669 8355181.690000001, 623704.5299999672 8355036.840000001, 623711.5099999674 8354938.990000003, 623706.3999999664 8354895.590000001, 623677.4599999669 8354815.290000002, 623636.939999967 8354750.700000003, 623632.0099999668 8354719.630000002, 623565.7599999676 8354508.23, 623540.3699999674 8354469.120000003, 623472.0499999671 8354402.030000001, 623383.5299999686 8354261.52, 623276.3299999675 8354154.630000002, 623223.5499999671 8354071.270000002, 623218.3299999682 8354038.74, 623233.7099999676 8353941.2, 623229.7299999677 8353893.840000001, 623196.3099999689 8353839.040000001)",4,4,1,2
110,,Q,1,110,"LINESTRING (622132.5699999685 8354541.320000001, 622178.1599999683 8354449.020000001, 622241.189999969 8354400.340000003, 622274.2899999692 8354358.530000001, 622298.6699999694 8354344.260000002, 622357.9499999688 8354264.510000003, 622371.2199999687 8354204.500000002, 622412.1899999691 8354161.020000001, 622491.4399999693 8354099.14, 622606.2599999681 8353985.890000002, 622682.2199999696 8353880.960000003, 622704.3699999701 8353824.92, 622766.2399999696 8353755.75, 622801.9399999673 8353643.800000001, 622894.6499999691 8353532.180000002, 622943.0999999678 8353492.070000002, 622958.8199999685 8353459.290000002, 622965.309999968 8353415.970000001)",3,4,1,2
111,,R,1,111,"LINESTRING (623196.3099999689 8353839.040000001, 623159.1899999677 8353801.450000003, 623137.6199999681 8353766.080000002, 623135.9199999677 8353680.460000003, 623121.7099999674 8353664.820000001, 623091.1499999672 8353571.670000003, 623052.3699999683 8353532.330000001, 623035.3599999697 8353442.090000001, 623014.539999968 8353418.950000002, 622965.309999968 8353415.970000001)",4,4,1,1
112,,R,1,112,"LINESTRING (622610.419999968 8352270.540000001, 622659.5199999684 8352257.640000002, 622709.4499999682 8352219.130000003, 622743.4399999685 8352171.090000002, 622792.149999968 8352131.830000002, 622830.8299999685 8352076.600000002, 622871.0499999681 8351992.000000001, 622917.9499999677 8351935.300000003)",4,4,1,1
113,,QI,1,113,"LINESTRING (623734.2999999664 8352491.230000002, 623706.5499999665 8352474.740000001, 623655.8399999668 8352467.270000002, 623572.2099999664 8352471.760000002, 623465.4799999674 8352454.960000001, 623380.2899999679 8352388.700000002, 623300.1499999692 8352405.300000002, 623234.4399999694 8352464.920000003)",4,4,1,1
114,,QI,1,114,"LINESTRING (623234.4399999694 8352464.920000003, 623193.8499999696 8352443.42, 623093.5599999677 8352460.140000002, 623041.0199999674 8352481.64, 622986.0999999694 8352472.080000001, 622914.4599999686 8352433.870000001, 622902.5799999679 8352411.210000004, 622902.5799999676 8352402.68, 622894.0599999689 8352334.490000003, 622889.7999999686 8352300.390000002, 622889.7999999693 8352296.120000001, 622896.9599999689 8352243.580000003, 622947.1099999696 8352157.6, 622947.1099999697 8352071.620000002, 622932.7799999685 8351966.540000001, 622917.9499999677 8351935.300000003)",4,4,1,1
115,,R,2,115,"LINESTRING (622829.5299999687 8351400.93, 622810.2099999676 8351337.440000002, 622813.2299999684 8351306.920000002, 622786.1399999686 8351212.610000001, 622785.2399999688 8351153.48, 622810.7899999685 8351107.920000002)",4,4,0,0
116,,R,2,116,"LINESTRING (622912.6799999685 8351209.91, 622955.8899999688 8351143.170000003, 622966.2967793577 8351106.147320811)",4,4,0,0
117,,R,2,117,"LINESTRING (622810.7899999685 8351107.920000002, 622849.93999997 8351038.120000003, 622871.6399999675 8351020.170000002)",4,4,0,0
118,,R,2,118,"LINESTRING (622871.6399999675 8351020.170000002, 622899.3199999697 8350917.730000002, 622989.1999999689 8350769.560000001, 623005.3599999693 8350761.140000002, 623070.1199999676 8350749.570000002, 623143.8299999686 8350772.560000001)",4,4,0,0
119,,R,2,119,"LINESTRING (622966.2967793577 8351106.147320811, 622989.2499999674 8351024.49, 623001.1599999685 8351011.390000001, 623019.0799999679 8350964.810000002, 623048.4899999682 8350941.560000001, 623085.4999999678 8350927.620000001, 623150.2799999674 8350856.410000001, 623161.9399999679 8350802.310000001)",4,4,0,0
120,,R,1,120,"LINESTRING (624554.4299999654 8360152.390000001, 624551.5599999651 8360117.950000003, 624535.0399999656 8360068.570000003, 624491.689999965 8360003.940000002, 624456.3099999659 8359936.900000002, 624409.6499999661 8359872.260000003, 624361.899999966 8359767.790000002, 624276.5499999679 8359680.280000002, 624236.7499999658 8359648.690000003, 624164.8099999657 8359552.340000002, 624147.9199999662 8359511.720000001, 624131.5899999655 8359443.530000003, 624129.4399999655 8359348.760000002, 624115.6699999657 8359292.970000003, 624109.5899999662 8359212.360000002, 624150.7599999662 8359067.720000003, 624159.7999999663 8358983.390000002, 624155.0099999675 8358888.420000003, 624138.7799999667 8358758.840000003, 624153.7199999682 8358492.860000003, 624143.4999999669 8358390.560000002, 624113.2099999668 8358289.150000001, 624115.9599999674 8358250.750000002, 624138.3799999662 8358168.920000002, 624127.479999966 8357967.730000002, 624129.459999966 8357892.700000003, 624120.5899999666 8357838.150000003, 624080.4399999666 8357703.030000001, 624069.7599999681 8357525.890000002, 624045.3799999659 8357467.680000002, 624041.1099999661 8357376.090000003, 624003.1699999659 8357280.210000004, 623967.2999999669 8357220.820000004, 623962.1499999666 8357201.410000003)",4,4,3,4
